UTM/raster_PM.asc
ncols        660
nrows        397
xllcorner    -127.584100000000
yllcorner    47.139400000000
cellsize     1000
NODATA_value -32768
[rows 0 to 40 of 397, columns 546 to 636 of 660]
1069 1327 1533 1588 1532 1391 1184 896 577 356 280 239 228 226 264 468 755 1131 1313 1296 1259 1305 1450 1646 1847 2060 2065 1839 1725 1618 1551 1450 1442 1492 1502 1389 1242 1113 942 690 446 464 600 812 1076 1529 1654 1721 1570 1600 1956 2185 1821 1544 1305 1091 1325 1680 1761 1549 1673 1991 2202 2406 2266 2020 1995 2090 2000 1900 1948 1835 2002 2006 1597 1394 1625 1889 1888 1741 1508 1745 2034 1866 1642 1568 1797 2076 2018 1878 1900
1410 1675 1680 1668 1868 1758 1591 1279 948 628 426 282 232 225 227 368 782 1132 1415 1494 1406 1248 1228 1354 1559 1746 1969 1947 1762 1598 1532 1540 1508 1593 1563 1510 1378 1171 856 577 393 524 815 1138 1513 1787 1939 1985 1876 1808 1851 2104 2027 1840 1603 1279 1213 1511 1836 1819 1635 1790 2022 2245 2221 2144 2075 2079 2112 2146 1978 1953 2127 1969 1558 1468 1792 2032 1948 1767 1579 1724 2010 1839 1753 1596 1713 1976 2109 2039 1828
1740 2014 2025 1735 1867 1972 1746 1326 1051 963 760 498 346 242 223 243 523 957 1193 1452 1702 1596 1325 1232 1262 1366 1562 1781 1699 1618 1573 1562 1663 1740 1851 1671 1313 970 669 447 388 558 824 1096 1387 1592 1755 1946 2091 2090 1913 1928 2078 2170 1857 1547 1264 1359 1635 1930 1915 1728 1840 2069 2096 2035 1900 1817 1844 2017 2105 2083 1987 1790 1620 1606 1685 1831 1987 1977 1714 1659 1974 2030 1808 1645 1801 1961 1882 1683 1465
1790 1998 2140 1961 1924 1864 1691 1610 1535 1298 1023 905 626 393 247 223 253 488 837 1184 1414 1521 1563 1476 1294 1202 1276 1398 1514 1605 1604 1525 1563 1733 1765 1522 1157 793 482 374 433 648 796 1033 1433 1868 1973 1988 2070 2216 2191 2043 2034 2190 2077 1638 1512 1774 1672 1708 2011 2024 1936 1924 2099 2098 1996 1965 1750 1750 1985 2109 2057 1942 1730 1868 1852 1828 1869 2024 1798 1791 1988 1928 1855 1934 1875 1646 1458 1285 1173
1824 2074 2203 2094 2215 2047 1935 1774 1509 1421 1438 1307 1051 778 437 233 224 250 458 871 1172 1329 1516 1583 1475 1290 1179 1208 1261 1304 1325 1350 1345 1361 1402 1378 1154 830 506 373 497 576 723 1034 1486 1898 2218 2334 2389 2364 2327 2210 2048 2146 2220 1869 1887 2054 1791 1772 2131 2186 1967 1787 1757 1987 2034 1873 1636 1633 1808 1955 2143 1884 1823 2106 2111 2122 2074 2056 2063 1925 1821 1847 1786 1664 1416 1200 1141 1181 1317
1754 1823 2012 2169 2100 1953 1871 1706 1629 1730 1738 1509 1287 989 699 397 229 220 227 411 691 957 1212 1411 1570 1489 1276 1165 1223 1352 1428 1537 1564 1547 1533 1443 1329 995 594 364 626 652 770 1068 1616 2031 2167 2264 2333 2231 2289 2118 1975 2057 2248 2283 2128 2031 1883 2061 2274 2378 2173 1901 1596 1530 1562 1481 1464 1728 1977 2024 1993 2036 2058 2128 2044 1929 1769 1766 1713 1581 1425 1332 1260 1186 1131 1197 1311 1458 1617
1940 2025 1839 1710 1661 1700 1746 1784 1778 1780 1784 1644 1430 1225 996 723 409 243 219 222 316 607 920 1136 1367 1519 1401 1219 1151 1219 1318 1413 1548 1601 1637 1555 1263 857 547 354 629 802 907 1100 1483 1734 1903 2091 2072 2097 2280 2218 2012 1801 1654 1907 2031 1864 1726 1931 2140 2183 2015 1803 1681 1626 1436 1334 1471 1709 1871 1989 2005 2072 2170 2199 2149 1868 1725 1515 1323 1188 1129 1134 1172 1241 1349 1492 1514 1706 1821
1962 1807 1629 1461 1394 1361 1348 1346 1357 1397 1504 1603 1615 1427 1153 886 672 481 303 219 219 311 519 751 980 1190 1304 1306 1180 1092 1084 1110 1220 1289 1342 1267 983 706 507 367 566 881 1047 1166 1207 1289 1387 1519 1764 1870 1940 1996 2094 2005 1639 1439 1500 1561 1655 1860 2074 2049 1935 1867 1717 1560 1389 1295 1296 1313 1361 1405 1440 1504 1601 1610 1583 1418 1276 1176 1138 1145 1180 1368 1616 1655 1689 1864 1643 1787 1966
1997 1939 1919 1852 1638 1497 1486 1486 1457 1381 1320 1309 1384 1450 1390 1165 871 669 452 234 217 216 227 301 475 686 929 1156 1334 1292 1148 966 867 932 990 863 630 396 394 574 817 1056 1378 1632 1496 1449 1600 1804 1997 1983 2047 2110 2132 2119 1957 1672 1358 1223 1470 1779 1833 1740 1680 1489 1363 1303 1282 1281 1323 1349 1318 1289 1265 1249 1237 1228 1223 1210 1204 1242 1333 1337 1238 1387 1719 1949 1972 1930 1744 1917 2079
2359 2306 2145 1928 1786 1830 1855 1820 1839 1752 1610 1470 1343 1295 1359 1457 1260 982 706 382 230 216 217 257 288 383 584 876 1125 1356 1394 1241 944 713 688 601 381 368 699 1126 1129 1251 1635 1876 1696 1591 1682 1943 2066 2188 2146 2101 2057 1871 1701 1690 1422 1153 1215 1437 1360 1255 1242 1246 1277 1356 1465 1517 1622 1683 1585 1503 1466 1372 1334 1410 1419 1435 1337 1307 1634 1694 1465 1304 1355 1586 1840 2039 2091 2064 2106
2163 2142 2103 2001 1880 1813 1802 1771 1665 1469 1328 1323 1296 1269 1232 1127 1057 1074 966 680 357 219 217 217 266 315 442 681 966 1183 1333 1277 1124 891 571 416 312 400 662 989 1167 1259 1482 1748 1804 1749 1651 1694 1805 1819 1863 2025 2078 1925 1801 1706 1568 1411 1143 1119 1147 1164 1303 1385 1354 1371 1674 1846 1788 1914 1891 1830 1699 1470 1387 1659 1818 1750 1433 1341 1676 1886 1720 1614 1377 1299 1393 1634 1790 1833 1953
1856 1817 1726 1673 1616 1569 1500 1378 1332 1358 1405 1408 1335 1202 1129 999 823 656 589 545 366 230 218 216 222 309 456 614 847 968 1122 1033 895 770 585 352 294 349 384 447 493 669 1149 1214 1165 1520 1669 1597 1706 1796 1866 1907 1962 2004 2040 1931 1739 1470 1179 1042 1067 1330 1547 1723 1750 1536 1637 1945 2058 1986 1944 1765 1638 1491 1432 1699 1940 1792 1494 1393 1694 2037 1970 1742 1710 1579 1334 1339 1521 1683 1871
1977 1876 1864 2003 2047 1946 1840 1740 1724 1834 1909 1814 1576 1566 1425 1277 1097 816 690 594 497 366 224 211 214 217 276 504 714 736 810 792 590 453 386 316 276 337 401 400 409 433 546 690 892 1199 1281 1457 1673 1724 1748 1890 1834 1690 1804 1688 1466 1247 1048 964 1104 1459 1816 2041 2046 1802 1592 1686 2070 2371 2252 2002 1814 1655 1559 1716 1961 1864 1565 1443 1686 2003 2162 2026 1865 1723 1578 1312 1419 1687 1635
2053 2151 2091 2107 2248 2281 2147 2112 2107 2110 2085 2002 1955 1964 1728 1562 1436 1257 1069 1019 789 599 427 330 241 211 213 251 370 442 511 614 474 459 453 373 269 298 419 495 509 450 441 486 483 575 696 1011 1155 1441 1568 1680 1643 1492 1416 1275 1104 948 893 1026 1296 1578 1803 2036 2085 1805 1848 1992 2148 2250 2367 2194 1939 1815 1766 1936 1931 1783 1574 1501 1675 1960 2183 2116 1939 1971 1735 1371 1333 1666 1938
2002 2209 2266 2312 2422 2407 2204 2068 1993 1839 1752 1813 2006 2083 1986 1802 1581 1417 1147 982 931 831 801 709 482 296 230 209 213 226 263 320 385 424 527 516 372 251 308 385 458 537 493 413 363 359 416 519 713 1053 1193 1444 1366 1178 1070 926 803 795 984 1165 1343 1606 1905 2097 2097 2069 2210 2454 2325 2378 2471 2391 2045 1813 1769 1961 1885 1786 1833 1673 1626 1805 2045 2137 1985 1794 1685 1425 1332 1560 1912
2077 2327 2362 2389 2426 2314 2157 2134 2058 1991 1770 1549 1521 1541 1570 1523 1352 1206 1117 1069 1003 973 892 794 654 441 296 214 211 211 210 212 222 264 358 412 383 231 227 222 241 309 341 388 398 358 277 286 332 426 734 977 1140 1023 829 701 714 889 1199 1526 1527 1434 1559 1798 1988 2155 2208 2195 2043 2196 2262 2358 2320 2056 1761 1638 1871 2102 2155 1917 1775 1737 1878 2043 1944 1872 1802 1426 1370 1535 1865
1945 2107 2129 2129 2104 2092 1986 1943 2045 2031 1997 1832 1612 1443 1350 1245 1205 1278 1357 1363 1326 1366 1298 1144 991 717 422 229 260 230 212 213 213 212 210 215 213 209 206 204 203 204 209 217 255 301 263 206 205 206 280 419 630 710 610 601 757 1094 1434 1679 1843 1828 1665 1598 1703 1773 1960 1886 1835 2130 2052 1879 2112 1866 1928 1663 1678 2019 1960 2076 1910 1958 2127 2094 1990 1856 1551 1357 1484 1580 1620
1744 1712 1790 1862 1764 1807 1737 1703 1864 1781 1752 1792 1681 1515 1353 1276 1356 1469 1509 1481 1457 1418 1279 1022 744 486 325 372 363 274 213 208 208 208 208 207 207 209 221 218 208 203 203 205 208 205 209 206 208 205 204 207 249 346 486 599 740 1012 1348 1610 1800 1928 1908 1917 1824 1756 1767 1647 1925 2187 1894 1783 2130 1896 1662 1582 1442 1486 1561 1629 1731 1675 1802 1803 1633 1443 1384 1505 1722 1869 1661
1304 1239 1387 1503 1444 1593 1381 1365 1574 1373 1291 1368 1317 1317 1253 1313 1427 1529 1485 1291 1108 933 708 560 372 274 257 288 264 234 210 209 218 236 236 256 294 338 419 434 394 430 428 343 305 328 493 475 459 391 240 197 197 201 259 445 560 712 944 1188 1403 1647 1833 1972 1950 1758 1502 1474 1737 1950 1631 1748 1986 1833 1537 1261 1179 1340 1577 1581 1590 1580 1532 1473 1390 1512 1652 1815 1887 2052 1892
849 866 877 961 1006 958 905 848 788 783 801 785 863 1039 1149 1290 1397 1337 1170 880 603 435 392 418 393 395 450 614 724 565 370 322 372 443 510 562 598 728 932 905 697 902 860 775 843 717 818 949 947 785 489 239 198 197 197 211 332 467 654 933 1201 1323 1410 1640 1795 1818 1800 1485 1307 1306 1324 1600 1542 1277 1078 1079 1315 1605 1874 1791 1869 1912 1742 1498 1464 1818 1922 1961 2159 2163 1931
1079 1020 894 846 839 874 1018 1085 1141 1036 859 763 679 618 698 905 977 899 817 547 360 391 594 737 720 862 884 1006 1177 1068 866 908 921 950 1232 1235 1260 1219 1139 1000 1072 1331 1263 1215 1153 1179 1210 1328 1371 1143 795 450 268 203 199 197 198 225 346 599 881 900 926 1083 1360 1456 1863 1865 1534 1138 1084 1102 960 988 1193 1456 1635 1794 2080 2224 2046 1845 1795 1589 1476 1799 2157 2078 2069 1970 1788
1396 1412 1321 1268 1264 1371 1536 1598 1593 1470 1341 1230 1098 929 744 616 548 524 497 405 352 425 661 956 1181 1243 1316 1210 1419 1455 1314 1503 1535 1657 1736 1543 1262 1174 1297 1239 1217 1363 1603 1734 1731 1643 1623 1537 1432 1286 1065 756 468 322 244 201 197 197 197 207 237 359 504 722 878 1262 1645 1611 1285 958 775 884 1140 1401 1663 1793 1958 2040 2050 2228 1998 1948 2053 1915 1555 1606 2049 2293 2294 2190 2095
1619 1546 1575 1599 1718 1855 1935 1873 1747 1656 1668 1586 1481 1293 1071 942 743 641 563 461 368 483 743 1096 1396 1581 1627 1625 1731 1897 2035 2116 2053 1889 1558 1385 1413 1681 1775 1620 1605 1557 1565 1669 1898 1834 1519 1252 1078 881 675 602 582 626 539 396 275 213 197 197 197 205 245 342 610 987 1205 1044 831 692 906 1265 1563 1673 1712 1757 1847 1965 2061 2190 2115 2129 2002 1877 1683 1562 1879 2035 2085 2220 2286
1716 1603 1558 1601 1647 1694 1691 1689 1688 1675 1680 1637 1642 1507 1219 1016 829 728 742 563 374 436 649 885 1201 1532 1854 2044 2179 2365 2213 1892 1730 1651 1518 1633 1767 2030 1987 1848 1907 1972 1981 1877 1702 1437 1217 928 741 765 925 1008 1082 999 1050 947 689 480 372 253 209 197 197 202 311 510 665 605 637 1005 1376 1499 1405 1379 1423 1461 1534 1642 1675 1835 2093 2133 2153 2116 1906 1628 1748 1955 2028 2075 2194
1437 1351 1336 1250 1257 1293 1349 1353 1351 1397 1497 1423 1337 1398 1196 833 809 863 849 643 398 410 547 794 1167 1512 1807 2033 2129 2282 2310 2097 2083 2077 1947 2025 1978 1910 2087 2094 1994 1886 1664 1558 1407 1204 889 744 943 1131 1344 1465 1561 1375 1291 1401 1247 1133 887 569 425 378 279 224 197 241 361 540 795 1112 1262 1322 1501 1673 1804 1958 2005 2077 1942 1885 1903 1995 1999 1934 1861 1705 1816 2098 1972 1854 1818
963 910 829 826 798 837 866 931 994 1058 1159 1048 922 1037 943 933 815 781 713 500 445 390 521 815 1125 1415 1672 1823 1952 1994 2008 2105 2286 2373 2343 2288 2355 2357 2283 2275 2126 2033 1760 1535 1195 889 749 938 1294 1478 1371 1544 1791 1599 1446 1655 1551 1294 1027 749 805 807 609 367 206 197 243 478 813 1155 1422 1664 1762 1898 1977 2002 2049 2163 2163 2225 2296 2171 2019 1923 1930 2035 1990 2150 2218 2162 2058
630 625 618 614 614 616 622 641 688 757 751 636 641 670 677 720 695 594 559 499 466 433 660 961 1227 1537 1807 1910 1855 1813 1886 2041 2169 2420 2265 2093 1978 1978 1976 2005 1989 1887 1570 1292 976 802 964 1152 1304 1589 1663 1524 1759 1944 1797 1778 1579 1382 1094 953 1116 978 719 319 197 197 224 372 647 1001 1484 1749 1631 1623 1639 1687 1762 1893 2015 2123 2183 2205 2147 2200 2283 2290 2226 2290 2279 2196 2150
693 677 706 719 699 651 616 648 622 620 621 687 786 762 819 714 547 487 538 606 464 513 765 1050 1365 1606 1674 1639 1620 1748 1972 2216 2361 2332 2221 2047 1736 1577 1537 1478 1417 1338 1134 912 874 1132 1419 1470 1317 1388 1685 1826 1745 1838 1998 1778 1626 1411 1109 1250 1331 1123 810 404 202 197 205 290 496 857 1279 1336 1209 1188 1146 1150 1230 1354 1467 1558 1620 1666 1688 1738 1713 1778 1872 1976 2131 2090 2084
1061 1063 1020 1059 1047 988 857 849 890 936 989 1070 1158 1203 1193 993 733 566 555 614 492 692 1109 1316 1400 1473 1567 1715 1835 1950 2002 2067 2227 2126 2025 1927 1813 1871 1805 1652 1386 1072 896 946 1184 1476 1651 1700 1564 1340 1528 1767 1905 1821 1850 1705 1448 1224 1316 1486 1394 1153 915 569 228 197 197 243 463 795 960 901 864 1005 1227 1323 1368 1313 1280 1394 1404 1397 1399 1405 1641 1752 1750 1680 1732 1871 2123
1486 1438 1294 1391 1362 1273 1101 922 950 971 1096 1199 1296 1380 1416 1332 1011 697 544 509 563 780 1187 1494 1634 1699 1850 2056 2302 2241 2192 2234 2355 2368 2230 2043 1924 1908 1770 1546 1172 1070 1141 1441 1671 1615 1849 1912 1809 1628 1433 1615 1790 1837 1611 1660 1783 1701 1647 1618 1455 1114 781 461 266 200 201 246 440 554 657 801 1066 1378 1661 1801 1886 1777 1663 1753 1890 1889 1856 1642 1783 2066 2173 2059 2071 1967 2049
1622 1554 1450 1544 1513 1351 1142 927 870 926 1105 1220 1318 1470 1434 1473 1203 833 620 562 677 996 1273 1408 1467 1516 1635 1916 2086 2143 2281 2346 2246 2121 1854 1627 1566 1445 1317 1239 1368 1606 1766 1732 1823 1749 1801 1943 2086 1954 1662 1577 1701 1759 1745 1433 1581 1854 1784 1594 1436 1133 764 433 277 202 204 246 361 463 606 853 1141 1435 1725 2021 2153 1983 1734 1779 2004 2125 2223 2093 1866 1952 2089 2246 2146 1944 1841
1716 1694 1633 1570 1574 1477 1367 1193 1004 868 902 1110 1265 1305 1342 1323 1269 913 658 608 763 1068 1303 1491 1717 1888 1932 1955 2053 2139 2223 2297 2224 1949 1662 1773 1820 1867 1668 1423 1753 2079 2182 1977 1733 1567 1606 1754 1934 2032 1934 1822 1686 1525 1528 1320 1374 1656 1767 1551 1273 992 616 377 324 218 197 251 470 750 609 759 1118 1449 1694 1872 2052 2008 1842 1766 1830 1977 2060 2230 2181 2294 2190 2006 1773 1668 1596
1711 1562 1484 1392 1369 1382 1459 1419 1280 1107 949 871 937 1014 1035 1011 1029 901 660 636 764 1043 1355 1626 1890 2055 2214 2285 2332 2485 2398 2164 1981 1810 1840 2131 2264 2097 1774 1474 1829 2263 2214 2007 1855 1661 1499 1443 1550 1695 1842 1908 1743 1505 1393 1287 1166 1353 1571 1401 1064 744 481 375 279 202 200 377 669 1020 804 667 976 1323 1631 1952 2104 1981 2000 2061 1973 1930 1994 2002 1967 2171 2255 2138 2014 1870 1637
1893 1743 1585 1387 1235 1149 1242 1371 1327 1224 1072 929 805 707 713 739 731 653 647 743 855 1054 1337 1623 1877 2101 2311 2419 2517 2610 2444 2240 2008 1948 2217 2390 2191 1918 1728 1614 2006 2168 1923 1671 1509 1383 1299 1172 1133 1254 1442 1675 1862 1787 1577 1417 1192 1132 1391 1163 853 633 491 323 204 197 254 511 875 1229 1236 843 743 1013 1313 1577 1790 2025 2068 2042 2070 1958 1812 1812 1981 2194 2301 2187 2149 1980 1727
1687 1799 1745 1629 1396 1198 1055 1084 961 867 810 760 692 646 709 699 650 682 736 933 1174 1452 1619 1738 1832 1859 1923 2035 2356 2504 2449 2202 2091 2084 2161 2240 1935 1775 1770 1981 2254 2252 1995 1855 1911 1769 1617 1367 1193 1039 1065 1311 1505 1620 1544 1298 1044 927 1221 1236 1015 721 454 264 197 203 384 655 1001 1260 1375 1313 999 822 977 1331 1632 1778 1743 1717 1710 1707 1598 1635 1763 1829 1827 1892 2170 2187 2090
1348 1458 1547 1577 1430 1241 963 802 696 655 698 677 647 710 763 785 847 964 1064 1139 1313 1573 1813 2028 2201 2170 2016 2011 2085 2288 2409 2185 2171 2222 2326 2189 2130 2094 2002 2123 2388 2370 2214 2077 2142 2097 1779 1677 1589 1332 1008 921 916 926 942 958 877 727 955 1105 1013 723 456 236 197 282 513 771 1029 1172 1390 1617 1477 1200 899 1000 1230 1257 1275 1312 1344 1373 1429 1645 1629 1738 1935 2116 2155 2078 1920
1277 1201 1170 1224 1310 1162 927 717 651 639 638 678 772 925 946 1026 975 1086 1294 1480 1564 1623 1707 1863 1961 2070 2267 2271 2252 2441 2418 2257 2240 2276 2367 2308 2140 2070 2027 2173 2340 2297 2158 2111 2131 2145 2011 1815 1509 1250 1206 1233 1122 1050 1011 891 699 550 621 758 803 699 420 213 202 447 844 863 1025 1371 1574 1861 1778 1499 1115 1036 1278 1539 1706 1721 1682 1833 1914 2022 2024 1859 1705 1778 1834 1884 2028
1446 1445 1267 996 992 906 755 665 640 646 680 760 858 976 1038 1170 1188 1147 1123 1245 1351 1492 1634 1791 1997 2071 2222 2479 2572 2481 2354 2286 2351 2361 2502 2350 2245 2203 1977 1745 1832 1876 1811 1843 1906 1864 1789 1601 1369 1417 1675 1649 1553 1502 1451 1268 980 707 446 401 356 350 228 222 353 690 1024 1309 1229 1279 1604 1879 1663 1294 1207 1443 1323 1512 1800 1918 1990 2020 2043 2060 1961 1710 1513 1674 1834 1938 2121
1730 1645 1472 1199 901 719 662 651 666 658 695 712 786 947 1079 1232 1319 1411 1414 1407 1336 1264 1260 1393 1618 1822 2072 2318 2500 2493 2335 2216 2352 2214 2459 2350 2321 2182 1934 1587 1383 1409 1427 1501 1666 1836 1873 1871 1653 1554 1680 1941 1926 1668 1434 1234 1004 732 489 334 247 224 324 579 792 898 1317 1532 1628 1458 1607 1741 1388 1235 1569 1730 1462 1335 1548 1698 1700 1802 1979 2034 2031 1922 1678 1469 1479 1643 1845
1688 1582 1355 1165 922 707 643 667 673 668 686 720 843 972 1147 1300 1393 1563 1724 1806 1783 1658 1407 1251 1315 1488 1657 1825 1998 2123 2083 1988 2003 2042 2172 2264 2428 2244 1995 1731 1499 1354 1277 1268 1310 1546 1794 1918 1736 1898 2075 2056 2054 1756 1476 1259 1004 694 449 268 207 216 427 769 1132 1333 1413 1701 1841 1772 1706 1561 1325 1447 1743 1766 1659 1479 1436 1569 1775 1793 1852 1931 2047 1899 1879 1835 1567 1348 1504
1344 1239 1078 929 802 688 646 691 683 705 739 843 1016 1137 1278 1478 1616 1643 1707 1999 2101 1915 1791 1571 1456 1401 1369 1467 1608 1729 1763 1743 1934 2002 2189 2356 2365 2417 2200 2020 1814 1734 1640 1361 1117 1214 1442 1740 1863 2061 2224 2115 2011 1904 1571 1203 899 654 412 236 195 238 420 794 1134 1389 1609 1889 1989 1841 1628 1492 1602 1788 1763 1878 1796 1685 1733 1801 1848 1881 2042 2126 1992 1821 1653 1592 1512 1278 1408
