UTM/raster_PM.asc
ncols        660
nrows        397
xllcorner    -127.584100000000
yllcorner    47.139400000000
cellsize     1000
NODATA_value -32768
[rows 41 to 81 of 397, columns 182 to 272 of 660]
393 308 280 279 491 857 1130 1058 1149 1110 1081 1079 1008 828 815 842 847 832 865 966 989 925 862 754 620 441 467 686 752 802 809 576 395 490 715 714 674 634 587 535 463 404 389 328 294 283 281 250 227 258 282 300 302 306 305 301 231 192 192 310 423 416 414 400 395 361 281 218 211 254 302 302 291 282 286 225 175 184 122 64 31 32 43 70 96 96 87 86 41 1 -82
350 282 283 306 517 908 1215 1226 1195 1222 1327 1220 974 981 1040 1068 1054 1110 1067 1030 1029 962 868 802 591 427 524 702 771 816 837 731 453 404 635 747 696 674 609 557 486 515 432 375 344 316 298 247 251 239 255 257 253 265 301 305 243 192 193 306 398 417 397 384 390 329 278 212 247 322 361 330 280 241 268 219 129 84 40 42 45 39 41 50 76 85 102 110 79 20 -33
305 311 321 358 647 974 1186 1305 1287 1338 1324 1187 1062 1126 1109 1026 1052 1167 1124 1083 1052 1019 848 686 511 464 614 754 777 817 832 813 586 409 469 646 705 685 645 635 576 554 462 475 430 319 271 281 269 280 331 305 275 250 273 288 227 197 205 271 318 293 282 273 267 244 225 224 258 295 280 274 239 210 206 143 98 87 107 115 109 86 57 52 68 79 106 120 112 73 33
429 503 515 391 647 892 995 1080 1239 1362 1179 1049 1021 979 971 862 766 956 1057 1081 1081 909 718 541 471 529 634 749 787 834 845 819 669 429 472 719 754 695 653 659 614 542 451 530 445 327 317 286 286 282 331 349 309 287 289 257 243 204 253 292 302 304 331 307 319 294 250 259 277 294 281 283 256 210 167 145 164 179 200 214 200 153 142 110 99 108 112 109 110 102 80
794 897 716 444 458 548 721 937 1136 1248 1282 1230 1213 1144 1007 891 713 703 809 893 866 759 584 486 508 605 687 758 797 799 815 824 677 430 526 794 762 722 662 626 640 550 421 417 388 412 325 301 275 275 344 338 339 336 341 290 238 243 321 312 320 307 340 352 287 281 261 254 263 280 268 259 231 189 166 204 243 223 233 281 278 230 216 184 159 130 114 111 112 109 101
1031 909 763 665 712 796 594 548 825 1144 1361 1386 1199 1191 1147 1110 956 839 736 642 603 572 526 542 593 642 701 751 757 760 795 777 664 423 472 790 744 666 540 474 439 354 354 458 567 541 391 323 276 270 347 376 326 338 323 261 199 243 299 285 274 286 289 270 259 284 291 241 259 289 299 272 230 206 204 253 244 255 236 266 259 214 208 211 195 157 141 130 129 122 115
1108 1213 1222 872 874 990 831 550 640 947 1156 1211 1174 1126 1053 998 888 828 721 664 580 666 657 638 612 662 704 730 715 666 636 610 499 384 415 585 511 428 396 360 393 469 446 550 534 518 437 360 294 265 299 323 324 318 295 244 200 255 318 345 284 276 283 250 242 283 302 250 258 277 288 266 227 210 209 251 267 229 218 235 230 206 187 201 207 176 155 165 165 160 134
1222 1368 1318 1105 969 832 603 570 699 862 996 1039 968 921 892 884 815 746 613 602 615 670 717 674 608 611 611 580 601 532 459 417 377 368 353 357 380 435 534 470 586 565 501 647 718 645 542 439 322 270 310 354 348 307 261 230 202 241 276 283 247 239 263 282 265 277 302 267 252 263 268 250 235 218 191 240 282 240 201 202 198 171 166 168 171 161 169 160 154 137 93
805 791 788 740 592 534 690 694 642 729 1009 1218 1232 1109 1116 1065 982 659 573 631 657 641 762 714 611 573 514 450 494 486 428 434 531 597 441 394 445 580 646 526 567 570 647 763 809 769 672 549 376 305 295 317 350 341 281 215 199 219 213 202 224 266 307 325 305 272 287 254 203 220 228 220 219 217 194 204 232 198 183 159 167 193 221 234 225 182 165 162 157 141 81
843 982 854 624 531 761 980 1103 869 689 705 910 1147 1324 1284 1164 806 571 588 578 538 530 491 475 455 458 511 637 723 692 717 778 914 948 687 467 416 499 551 557 652 678 684 702 769 797 747 656 494 411 335 306 337 349 328 250 233 218 192 201 204 211 248 259 271 276 254 211 190 190 190 190 194 202 190 190 195 207 219 182 178 208 229 264 252 184 168 161 150 128 99
1035 1189 952 643 570 933 1250 1366 1120 924 741 669 705 742 796 710 642 570 552 578 494 475 531 557 582 686 850 932 1003 989 1007 1047 1066 981 699 453 425 597 631 628 722 799 847 746 708 738 711 684 606 539 421 393 351 317 290 272 265 240 201 195 203 190 196 230 229 211 197 193 198 198 193 191 190 190 190 192 216 262 258 242 187 208 199 208 207 186 163 140 124 111 89
1131 1182 951 652 573 862 1198 1345 1285 1018 869 968 971 904 761 759 696 555 566 525 501 548 676 777 836 939 1082 1218 1260 1196 1063 868 661 542 538 483 441 681 775 710 769 946 1034 974 905 808 754 679 624 533 502 519 448 367 326 312 308 273 234 210 199 209 200 197 201 208 219 254 278 277 271 249 216 190 190 190 190 201 208 229 208 207 211 194 193 188 163 141 115 103 93
756 712 633 565 693 1031 1175 1287 1163 999 1082 1131 1240 1217 1146 1179 925 566 598 573 610 805 911 1006 1013 1162 1216 1348 1316 1127 787 574 672 864 792 628 537 497 661 815 869 891 940 976 983 910 798 742 655 569 554 546 482 388 361 383 362 305 228 215 260 283 280 297 297 289 293 327 325 312 288 270 251 209 190 190 193 208 226 222 204 198 198 194 191 186 162 146 139 129 108
697 697 639 594 887 996 1004 974 880 957 945 807 817 867 824 747 618 564 792 944 937 961 1207 1218 1133 1209 1205 1068 925 792 618 783 1102 1043 707 846 855 521 620 948 1066 1073 1037 935 948 929 828 750 669 603 541 510 488 405 365 395 344 236 245 315 369 385 374 371 365 346 326 309 290 308 289 266 240 211 191 197 219 248 272 253 279 281 222 258 237 188 148 128 128 123 107
891 862 612 715 893 848 793 672 585 576 548 518 511 530 544 605 755 767 1057 1290 1272 1094 1346 1249 1083 1026 834 677 621 680 790 1055 1203 944 737 1058 903 549 615 962 1165 1303 1184 995 922 891 831 777 720 636 549 500 443 379 354 339 251 222 281 360 408 358 370 386 372 337 297 292 284 289 280 274 236 203 196 213 227 250 240 244 252 277 225 246 229 151 128 122 120 115 109
774 645 545 734 850 785 602 508 493 526 534 546 571 594 591 697 913 978 1156 1320 1524 1368 1219 1078 864 691 616 695 836 998 1073 1144 1225 982 776 1043 938 561 637 1017 1302 1243 1123 1048 1020 982 864 792 722 622 506 434 403 456 494 468 341 223 239 305 342 335 320 325 319 313 319 297 290 294 291 289 261 222 220 261 293 322 280 254 250 284 270 239 181 141 121 116 115 112 107
556 507 478 522 530 574 536 634 722 873 1010 1029 857 828 847 669 799 1035 1241 1457 1422 1203 944 756 654 646 727 904 1167 1234 1310 1314 1319 1036 817 1118 964 566 664 1006 1089 1088 1051 923 846 768 745 705 673 575 480 450 406 481 554 552 402 223 248 302 334 362 371 396 375 331 317 326 309 297 285 279 267 249 255 297 348 395 340 264 252 259 276 270 207 146 128 115 112 109 110
482 475 610 747 876 834 625 695 895 1156 1388 1451 1196 1311 1106 821 762 995 1168 1203 1063 831 704 662 717 756 961 995 1183 1410 1480 1380 1196 975 973 1260 1005 632 572 877 990 959 831 769 812 816 781 719 640 519 453 425 408 412 336 278 241 222 280 427 466 473 402 357 353 339 312 303 312 298 287 280 275 267 295 321 410 396 351 306 235 237 256 255 189 144 126 118 114 113 114
621 552 758 1128 1237 1082 852 723 690 885 1087 1300 1496 1493 1151 934 869 1209 1261 1113 911 708 774 923 987 827 995 1150 1230 1465 1453 1296 1257 1032 1242 1377 1143 707 540 881 1193 1095 833 1006 993 925 793 725 639 473 373 409 360 266 222 222 228 289 423 527 491 465 423 375 341 304 325 336 330 327 304 271 252 264 265 347 391 374 373 328 230 200 228 220 182 158 146 139 122 128 132
652 641 636 987 1120 1037 1113 973 696 802 1053 1194 1332 1443 1459 1254 1023 1375 1384 1191 844 828 1066 1158 1245 973 918 1169 1372 1619 1639 1522 1300 1230 1352 1361 1024 608 565 985 1309 1163 909 1150 1176 929 709 642 574 407 275 230 224 222 222 223 304 429 532 543 576 486 422 374 328 305 337 340 342 326 310 291 261 221 217 275 334 350 313 260 203 183 200 240 230 158 156 158 152 140 138
828 801 668 937 1081 1237 1132 906 723 863 989 1101 1184 1296 1368 1119 1264 1578 1471 1071 776 985 1379 1297 1401 1110 990 1223 1510 1490 1277 1254 1340 1290 1353 1367 947 547 610 1017 1387 1278 1010 1188 1139 884 618 546 432 246 222 222 263 338 323 400 374 395 460 496 504 515 471 416 361 324 334 331 329 325 330 327 284 302 291 290 236 224 240 249 226 191 178 199 225 184 166 165 161 151 138
1040 799 630 930 1166 1251 1214 963 793 897 1095 1192 1299 1418 1320 968 1163 1344 1264 1066 806 1005 1340 1518 1494 1409 1195 1176 1419 1490 1216 951 953 1020 1098 1211 877 522 677 1113 1410 1202 1155 1327 1108 842 583 405 256 222 233 305 437 501 486 565 512 505 542 491 509 512 477 419 369 327 311 306 291 309 332 328 310 321 316 325 293 268 255 280 269 239 189 198 223 209 183 168 158 152 156
1050 778 638 923 1119 1212 1245 1129 983 875 1081 1309 1373 1181 1012 842 1042 1186 1254 1159 876 933 1165 1384 1450 1461 1315 1058 980 917 826 832 786 676 636 757 704 497 787 1221 1409 1274 1354 1369 1131 815 436 245 222 222 277 381 456 479 491 513 551 632 762 698 566 514 453 406 373 365 362 373 342 315 302 300 324 335 324 303 356 430 537 451 333 281 215 203 213 207 186 182 171 170 151
1008 736 640 833 1039 1270 1358 1306 985 774 917 1119 1290 1203 939 739 900 1080 1185 1121 990 979 1079 1438 1310 1122 1012 1020 1190 1203 1019 1319 1366 1159 882 622 480 517 895 1313 1402 1254 1097 1067 1055 664 295 222 222 232 432 485 441 512 513 586 687 834 895 831 715 474 401 387 370 375 370 367 368 362 334 347 354 353 351 364 431 463 540 551 416 313 256 236 213 205 202 195 194 184 170
997 712 625 820 1116 1284 1339 1099 927 746 690 673 757 701 714 938 1196 1208 1259 1239 1211 1096 1090 1389 1515 1490 1398 1241 1418 1383 1333 1345 1309 1255 1131 866 503 678 981 1266 1359 1198 1037 744 818 698 320 222 222 276 508 499 457 510 551 677 829 881 873 812 645 419 379 419 401 368 357 339 335 334 355 390 415 380 381 403 433 471 563 517 471 437 337 280 265 233 228 226 206 191 180
985 769 622 764 1079 1296 1288 1313 971 1066 977 764 580 584 885 1240 1405 1572 1414 1228 1081 1099 1235 1367 1304 1257 1210 1172 1426 1397 1152 1124 1072 909 809 774 453 761 1030 1165 1057 875 673 487 415 418 296 222 222 268 477 516 472 545 687 756 763 776 690 653 485 417 382 398 389 396 422 468 447 470 485 472 408 412 445 445 469 485 533 551 574 551 430 338 327 293 252 216 203 201 184
1089 861 585 687 864 1029 1284 1406 1171 1388 1099 890 666 532 740 1015 1245 1492 1379 1215 962 1098 1205 1088 1120 970 1166 1305 1400 1663 1643 1341 1212 1084 825 556 391 684 842 794 816 623 363 252 228 222 222 222 222 226 310 422 535 712 725 662 653 605 505 492 434 369 375 405 406 486 510 531 586 613 591 518 445 466 479 476 485 493 503 557 581 550 466 444 395 327 292 251 218 196 192
1109 870 572 639 820 1042 1304 1567 1349 1482 1293 1123 701 525 764 939 1121 1390 1220 899 1051 1217 1333 1144 924 786 932 1035 1119 1368 1592 1397 1191 894 626 444 353 307 388 384 267 243 233 260 338 316 301 251 226 222 232 255 369 668 696 688 703 569 429 439 417 368 371 395 436 506 520 559 603 562 523 494 518 534 551 540 536 539 525 510 522 514 545 491 436 370 319 287 249 220 202
1024 858 559 733 932 1050 1227 1317 1077 1184 1259 995 581 513 798 1041 1325 1253 913 760 1233 1413 1497 1432 1223 1023 771 698 913 1146 1068 1116 840 650 389 267 249 259 254 283 363 411 436 539 603 590 655 540 397 297 231 230 271 434 641 663 642 570 462 369 368 370 386 398 424 461 524 556 556 564 554 535 555 596 603 592 587 582 578 577 626 655 645 573 488 452 393 334 287 244 211
1133 896 558 696 1039 1254 1415 1411 1138 830 724 655 503 444 640 993 1215 1012 663 789 1160 1348 1357 1460 1321 1138 900 608 578 464 403 356 375 344 271 286 441 493 512 619 715 755 789 759 973 956 1013 893 787 534 252 224 251 376 553 485 471 462 390 377 401 419 463 481 529 546 608 648 760 673 644 621 623 650 654 635 629 624 620 628 634 645 639 624 544 479 458 383 308 252 273
1117 967 599 569 874 1017 1141 1280 1039 894 1172 1021 677 404 450 716 806 651 564 856 1048 1061 1055 1138 1055 764 471 362 321 302 314 293 280 289 343 479 711 859 689 962 1060 1208 1213 970 1070 1244 1299 1102 882 537 265 222 228 332 456 506 490 421 437 473 545 556 574 665 678 654 672 721 726 712 752 738 718 702 695 697 680 686 668 664 646 628 610 622 593 493 432 377 311 316 338
908 1041 723 507 697 989 1089 1111 1143 1145 1060 948 881 568 357 379 442 433 437 535 571 552 569 509 415 352 347 388 412 474 640 747 652 488 448 696 887 971 768 861 1022 1238 1377 1354 1371 1478 1367 1226 1111 718 427 225 234 331 581 696 878 840 736 646 810 822 726 748 924 927 890 847 775 796 833 821 815 802 788 771 762 755 734 706 663 623 592 581 543 495 388 415 435 423 389
591 893 900 612 475 665 1008 1157 1054 890 741 505 395 395 318 306 407 461 557 476 445 458 476 377 437 582 635 728 739 602 937 1206 1121 633 513 836 1232 1304 981 1007 865 997 1243 1525 1585 1488 1308 1230 1202 849 453 251 236 234 456 773 1095 1044 674 716 894 904 845 807 977 1045 990 913 884 951 957 928 914 898 884 864 836 800 742 654 560 509 478 478 471 418 481 541 526 490 474
338 629 863 874 570 444 702 889 927 731 454 296 320 378 422 530 773 840 952 932 946 890 600 439 850 1114 1143 1068 1110 715 884 1338 1168 671 526 794 1220 1471 1344 1309 1195 1022 1318 1446 1303 1181 1090 1187 1216 756 557 426 261 233 239 358 722 979 667 822 1055 1081 1059 970 989 1157 1130 1089 1064 1055 1046 1021 1012 984 953 913 865 773 595 528 610 634 656 636 585 508 584 555 538 528 522
203 341 682 993 884 562 433 403 414 361 304 344 595 600 786 975 1175 1368 1353 1133 1050 749 428 656 1065 1365 1419 1426 1331 1036 823 1182 1177 742 527 696 945 1219 1537 1578 1593 1244 1189 1429 1290 1180 992 922 971 878 772 581 454 241 222 238 480 805 816 1003 1256 1314 1226 1047 1058 1232 1226 1227 1223 1187 1136 1099 1061 1016 966 923 840 633 565 698 792 796 793 746 566 578 620 616 575 549 541
214 194 349 744 1034 938 701 388 230 245 306 639 986 922 754 1050 1326 1523 1515 1272 1016 609 469 789 950 1339 1729 1752 1468 1074 1045 1251 985 657 574 809 1163 1112 1289 1547 1694 1532 1532 1439 1247 1115 842 734 704 656 640 773 718 391 222 222 385 748 1019 1176 1398 1456 1271 1105 1150 1192 1230 1272 1299 1270 1189 1124 1064 990 942 870 695 502 664 777 831 838 859 803 602 650 704 686 662 641 602
153 153 204 403 662 857 575 273 428 680 431 504 796 1113 1068 940 1122 1419 1413 1115 894 544 571 1112 1172 1309 1415 1610 1576 1364 1349 1075 731 585 712 942 1227 1411 1201 1514 1750 1661 1528 1406 1279 944 778 698 773 794 939 1001 719 429 222 222 348 723 1058 1300 1404 1228 1178 1342 1272 1231 1213 1139 1075 1034 1052 1102 1017 928 812 709 575 536 713 805 841 841 815 676 583 685 792 831 830 755 717
170 189 224 226 240 334 274 239 692 990 929 556 560 817 1135 1223 1343 1560 1553 1318 1034 642 574 745 1065 1331 1517 1567 1557 1558 1406 877 634 645 870 1040 1250 1582 1571 1527 1789 1669 1400 1253 1025 796 695 810 1011 1125 1294 1135 886 500 222 223 326 666 1056 1268 1390 1395 1452 1446 1363 1316 1064 960 1028 1055 929 819 805 818 768 620 534 651 806 833 837 779 702 639 758 849 855 922 964 973 937
121 161 185 171 184 206 192 292 685 1001 1178 1060 658 596 797 1022 1212 1436 1601 1396 1248 1092 883 677 697 975 1337 1623 1622 1476 936 740 663 769 930 1093 1303 1622 1833 1879 1874 1363 1404 1461 1121 722 716 980 1142 1140 1360 1212 760 360 221 227 434 597 992 1250 1415 1606 1527 1492 1500 1281 980 1170 1317 1276 1048 853 1011 974 744 544 668 821 891 865 785 741 682 705 830 894 914 922 992 1077 1102
119 108 119 187 370 421 306 278 512 827 1111 1271 1213 775 659 934 1222 1362 1406 1280 1422 1230 940 1268 1047 794 878 1163 1442 1720 1893 755 758 921 1028 1182 1288 1580 1668 1553 1471 1093 1041 864 783 682 753 926 1040 904 943 1043 554 277 222 225 387 642 817 1131 1401 1570 1669 1568 1460 1238 1021 1256 1407 1113 892 1020 938 724 560 669 888 957 910 831 861 888 880 775 740 884 956 946 984 1072 1136
130 82 103 193 344 384 357 308 450 786 939 1045 1251 1177 790 791 1015 1257 1438 1368 1384 1037 1049 1383 1424 1073 787 912 1359 1725 1702 887 778 1060 1229 1372 1413 1571 1618 1487 1027 934 878 882 866 714 624 734 557 450 374 339 348 277 232 222 228 363 651 951 1241 1487 1629 1559 1349 1133 1206 1341 1201 936 1097 1064 750 586 653 829 923 949 900 847 962 1004 1057 984 827 801 954 1048 1028 1121 1199
