UTM/raster_PM.asc
ncols        660
nrows        397
xllcorner    -127.584100000000
yllcorner    47.139400000000
cellsize     1000
NODATA_value -32768
[rows 205 to 245 of 397, columns 182 to 272 of 660]
-108 -105 -101 -97 -92 -91 -88 -91 -90 -104 -100 -79 -83 -90 -89 -87 -90 -87 -84 -86 -84 -86 -85 -82 -83 -83 -80 -85 -90 -109 -113 -109 -109 -107 -122 -126 -110 -110 -117 -117 -121 -121 -117 -115 -116 -113 -114 -122 -128 -135 -141 -161 -134 -133 -124 -118 -131 -155 -134 -143 -160 -130 -148 -125 -124 -121 -126 -133 -118 -114 -117 -103 -85 -85 -98 -121 -114 -139 -113 -87 -91 -102 -90 -103 -77 -68 -85 -98 -79 -78 -67
-109 -106 -102 -99 -96 -92 -91 -106 -105 -112 -110 -79 -102 -100 -90 -89 -92 -90 -88 -88 -85 -86 -83 -79 -82 -82 -82 -84 -86 -93 -89 -95 -96 -93 -100 -108 -103 -111 -126 -127 -140 -134 -119 -121 -126 -119 -118 -132 -139 -122 -126 -120 -123 -139 -116 -115 -123 -131 -119 -127 -132 -114 -181 -112 -112 -114 -106 -107 -113 -115 -118 -118 -84 -83 -94 -106 -106 -117 -99 -73 -78 -71 -82 -109 -78 -62 -68 -68 -73 -95 -60
-111 -108 -104 -101 -99 -95 -92 -96 -108 -111 -107 -87 -103 -99 -87 -74 -91 -90 -88 -82 -81 -84 -79 -72 -74 -80 -83 -83 -84 -85 -84 -87 -90 -92 -96 -103 -107 -119 -142 -131 -168 -159 -154 -136 -153 -138 -127 -143 -131 -147 -136 -117 -118 -177 -156 -130 -118 -120 -125 -118 -123 -126 -139 -117 -117 -122 -108 -109 -115 -113 -113 -134 -115 -86 -87 -88 -87 -106 -97 -91 -94 -83 -70 -118 -69 -64 -65 -67 -86 -146 -68
-114 -110 -108 -107 -102 -98 -95 -98 -106 -108 -101 -86 -96 -96 -90 -85 -89 -87 -85 -77 -75 -80 -79 -76 -76 -79 -78 -79 -79 -77 -79 -82 -85 -89 -96 -104 -113 -127 -148 -139 -152 -159 -170 -167 -201 -169 -144 -152 -147 -186 -192 -155 -167 -154 -141 -125 -114 -121 -119 -97 -85 -105 -95 -115 -124 -132 -121 -118 -123 -112 -108 -121 -104 -91 -86 -68 -89 -113 -109 -103 -112 -120 -91 -99 -72 -65 -63 -58 -79 -104 -76
-114 -111 -108 -105 -103 -100 -96 -98 -108 -109 -105 -100 -101 -97 -92 -93 -91 -84 -86 -83 -79 -82 -82 -79 -79 -80 -73 -74 -77 -76 -77 -78 -79 -85 -96 -105 -113 -125 -137 -130 -133 -144 -147 -144 -164 -146 -132 -158 -119 -127 -130 -119 -126 -132 -125 -119 -105 -133 -137 -131 -131 -128 -101 -130 -130 -131 -126 -121 -119 -104 -95 -120 -90 -94 -89 -85 -94 -115 -93 -93 -105 -76 -68 -72 -59 -65 -69 -68 -74 -81 -73
-114 -113 -110 -107 -105 -104 -99 -98 -106 -108 -107 -101 -100 -96 -87 -87 -89 -81 -84 -80 -80 -81 -80 -79 -78 -78 -74 -75 -75 -76 -78 -76 -76 -85 -100 -113 -125 -134 -139 -138 -140 -143 -146 -146 -153 -149 -145 -142 -119 -106 -86 -115 -122 -133 -147 -133 -130 -145 -153 -148 -130 -111 -116 -133 -129 -134 -132 -140 -127 -106 -98 -123 -100 -114 -118 -114 -99 -108 -91 -92 -111 -112 -77 -67 -59 -66 -68 -69 -68 -70 -76
-116 -114 -111 -109 -107 -105 -101 -100 -101 -98 -99 -94 -91 -93 -90 -89 -88 -83 -83 -81 -80 -79 -79 -78 -74 -75 -73 -72 -72 -71 -71 -72 -75 -83 -101 -115 -134 -139 -139 -139 -142 -145 -148 -149 -152 -162 -150 -135 -118 -113 -103 -111 -117 -126 -138 -143 -167 -182 -206 -173 -118 -125 -138 -152 -165 -148 -133 -113 -132 -114 -116 -160 -155 -117 -119 -141 -137 -128 -125 -103 -114 -95 -73 -67 -65 -67 -69 -70 -68 -63 -76
-117 -115 -113 -111 -109 -106 -103 -102 -103 -103 -103 -102 -99 -97 -93 -92 -89 -82 -83 -81 -78 -77 -76 -73 -75 -74 -73 -73 -71 -67 -64 -67 -67 -67 -73 -96 -125 -140 -146 -141 -143 -148 -153 -155 -142 -147 -145 -125 -109 -125 -115 -112 -112 -124 -133 -146 -202 -196 -190 -177 -147 -153 -159 -163 -165 -150 -148 -147 -165 -106 -83 -94 -73 -60 -76 -75 -76 -87 -91 -70 -68 -65 -64 -66 -68 -68 -69 -75 -77 -77 -87
-118 -116 -113 -112 -111 -108 -106 -104 -104 -106 -105 -103 -101 -99 -95 -93 -89 -82 -81 -81 -78 -75 -75 -73 -74 -73 -71 -71 -70 -67 -67 -65 -64 -63 -66 -80 -92 -115 -137 -141 -138 -128 -120 -112 -80 -97 -114 -109 -94 -98 -114 -118 -120 -130 -144 -192 -214 -207 -199 -188 -146 -158 -166 -164 -156 -126 -122 -115 -116 -84 -67 -74 -65 -64 -67 -67 -67 -60 -63 -63 -64 -65 -66 -66 -68 -71 -76 -80 -83 -87 -92
-119 -116 -113 -112 -111 -109 -107 -105 -104 -105 -105 -103 -102 -102 -97 -93 -88 -78 -81 -81 -78 -75 -74 -72 -69 -73 -68 -67 -70 -67 -66 -65 -63 -64 -65 -71 -79 -97 -126 -114 -108 -99 -88 -73 -57 -58 -80 -84 -78 -81 -115 -166 -152 -145 -165 -202 -222 -207 -194 -174 -147 -120 -114 -110 -100 -72 -81 -82 -83 -74 -70 -77 -70 -67 -67 -68 -72 -81 -73 -75 -71 -69 -72 -75 -79 -85 -86 -88 -89 -95 -100
-120 -119 -116 -114 -110 -109 -107 -106 -102 -105 -104 -103 -101 -99 -97 -94 -93 -86 -87 -83 -81 -78 -75 -73 -71 -70 -69 -69 -67 -67 -67 -65 -62 -64 -62 -64 -62 -62 -69 -68 -75 -71 -64 -63 -61 -58 -60 -61 -59 -63 -79 -111 -143 -134 -157 -186 -195 -175 -139 -143 -146 -112 -69 -64 -68 -64 -60 -59 -63 -66 -66 -62 -68 -68 -68 -68 -70 -74 -72 -88 -78 -73 -78 -84 -86 -90 -94 -97 -101 -104 -107
-123 -122 -119 -115 -112 -111 -108 -108 -107 -106 -104 -103 -102 -100 -98 -94 -94 -90 -89 -86 -83 -80 -78 -76 -72 -72 -72 -70 -66 -66 -66 -66 -64 -62 -61 -62 -60 -58 -57 -60 -60 -57 -56 -57 -58 -57 -57 -58 -59 -62 -55 -59 -65 -76 -85 -108 -115 -103 -78 -78 -75 -73 -62 -58 -64 -67 -67 -64 -72 -71 -71 -68 -70 -71 -71 -70 -71 -76 -74 -77 -81 -83 -87 -91 -92 -94 -113 -103 -106 -111 -106
-128 -128 -123 -120 -116 -116 -113 -113 -111 -109 -109 -106 -106 -104 -102 -98 -99 -93 -92 -91 -85 -81 -79 -80 -76 -75 -78 -84 -73 -69 -69 -68 -68 -64 -62 -62 -62 -63 -62 -60 -60 -61 -59 -60 -58 -58 -57 -56 -55 -57 -56 -55 -51 -52 -61 -80 -93 -95 -91 -77 -69 -70 -67 -65 -68 -72 -73 -72 -74 -71 -75 -75 -75 -76 -77 -77 -80 -85 -84 -86 -90 -93 -96 -100 -101 -103 -107 -109 -112 -116 -107
-129 -123 -121 -118 -116 -115 -113 -112 -111 -109 -107 -103 -105 -105 -102 -97 -96 -94 -93 -90 -86 -81 -78 -78 -75 -74 -74 -73 -70 -68 -66 -66 -66 -65 -64 -63 -62 -61 -60 -59 -58 -58 -57 -57 -57 -57 -55 -55 -53 -57 -56 -57 -60 -67 -76 -91 -105 -109 -105 -87 -71 -75 -78 -73 -73 -82 -81 -82 -82 -84 -84 -84 -82 -84 -84 -84 -88 -95 -95 -96 -103 -105 -111 -111 -109 -109 -102 -112 -112 -109 -100
-130 -123 -120 -119 -118 -116 -114 -113 -112 -109 -108 -106 -104 -104 -101 -98 -97 -95 -93 -91 -88 -84 -79 -77 -75 -74 -73 -72 -70 -68 -67 -66 -66 -65 -65 -64 -63 -62 -62 -62 -61 -59 -57 -57 -57 -56 -54 -59 -61 -58 -60 -62 -68 -83 -100 -124 -133 -123 -115 -105 -99 -100 -104 -96 -93 -102 -90 -94 -100 -95 -90 -91 -93 -96 -99 -102 -102 -104 -109 -109 -117 -121 -123 -121 -109 -109 -105 -114 -115 -113 -110
-134 -122 -119 -118 -121 -118 -116 -116 -113 -110 -108 -108 -105 -104 -102 -100 -98 -96 -93 -92 -89 -85 -82 -79 -76 -73 -72 -71 -70 -69 -67 -67 -66 -65 -65 -65 -64 -63 -62 -62 -61 -60 -58 -58 -58 -59 -59 -70 -87 -69 -69 -76 -88 -100 -118 -136 -140 -128 -122 -124 -132 -146 -139 -141 -144 -164 -154 -154 -140 -138 -111 -109 -120 -126 -128 -129 -125 -124 -121 -114 -122 -125 -126 -124 -119 -118 -120 -122 -124 -122 -120
-133 -122 -120 -117 -118 -117 -116 -115 -113 -110 -109 -111 -106 -104 -103 -101 -99 -96 -93 -91 -88 -85 -83 -80 -77 -74 -72 -72 -71 -70 -69 -68 -68 -67 -66 -66 -65 -64 -63 -62 -62 -61 -61 -60 -59 -58 -58 -62 -63 -61 -72 -85 -95 -106 -124 -127 -133 -129 -128 -129 -131 -138 -140 -142 -149 -164 -157 -155 -137 -125 -114 -124 -133 -138 -136 -134 -133 -132 -130 -128 -129 -128 -128 -126 -126 -126 -127 -126 -126 -126 -124
-136 -130 -123 -116 -113 -115 -115 -115 -113 -110 -109 -109 -108 -106 -103 -101 -99 -96 -92 -89 -87 -84 -83 -80 -78 -76 -73 -72 -72 -71 -70 -71 -71 -71 -69 -68 -67 -66 -66 -66 -64 -62 -63 -62 -61 -60 -60 -61 -62 -66 -75 -91 -95 -99 -109 -123 -130 -127 -128 -131 -132 -133 -133 -136 -141 -139 -123 -99 -120 -136 -133 -141 -143 -142 -139 -139 -139 -138 -137 -138 -139 -132 -131 -128 -130 -131 -132 -130 -131 -129 -127
-143 -139 -129 -121 -120 -117 -115 -114 -113 -111 -109 -109 -107 -104 -102 -99 -97 -95 -90 -87 -85 -84 -82 -80 -78 -76 -73 -73 -73 -72 -72 -72 -72 -72 -72 -71 -70 -69 -69 -68 -66 -65 -65 -64 -63 -62 -61 -61 -61 -62 -66 -74 -76 -83 -93 -111 -128 -123 -126 -130 -127 -124 -124 -126 -134 -132 -130 -124 -123 -131 -136 -145 -139 -138 -136 -141 -138 -139 -145 -148 -154 -146 -141 -136 -135 -133 -131 -125 -128 -130 -126
-143 -139 -131 -124 -120 -118 -115 -113 -112 -111 -108 -109 -104 -102 -101 -96 -93 -95 -88 -85 -84 -83 -82 -80 -77 -76 -75 -75 -75 -74 -74 -74 -72 -73 -74 -75 -73 -72 -72 -70 -68 -69 -66 -66 -65 -64 -63 -62 -61 -61 -62 -62 -60 -67 -73 -94 -105 -105 -116 -117 -113 -111 -116 -116 -131 -132 -133 -128 -121 -114 -116 -119 -113 -119 -120 -119 -123 -125 -143 -148 -148 -150 -147 -143 -138 -131 -124 -121 -122 -121 -122
-143 -140 -135 -129 -125 -121 -115 -112 -112 -110 -107 -105 -102 -101 -99 -95 -92 -91 -86 -84 -84 -82 -81 -80 -77 -76 -75 -76 -76 -77 -78 -75 -78 -77 -76 -79 -75 -75 -76 -72 -71 -77 -69 -68 -68 -65 -64 -63 -63 -63 -61 -61 -61 -64 -67 -73 -88 -97 -103 -106 -101 -106 -117 -113 -130 -127 -132 -131 -119 -105 -102 -102 -103 -106 -106 -107 -110 -108 -105 -115 -127 -137 -154 -151 -143 -124 -113 -112 -112 -109 -112
-145 -142 -140 -138 -139 -129 -123 -119 -117 -114 -109 -107 -105 -102 -99 -95 -92 -91 -88 -87 -85 -83 -82 -81 -78 -76 -76 -76 -78 -81 -80 -78 -79 -78 -78 -80 -78 -79 -78 -76 -76 -78 -73 -71 -70 -67 -65 -66 -66 -65 -65 -67 -67 -68 -69 -65 -75 -86 -93 -96 -100 -107 -115 -118 -123 -115 -125 -127 -124 -107 -97 -98 -103 -109 -104 -106 -108 -102 -90 -84 -96 -111 -139 -155 -156 -137 -116 -111 -111 -109 -110
-148 -143 -143 -140 -135 -131 -128 -126 -122 -118 -113 -112 -109 -105 -102 -97 -93 -92 -91 -90 -86 -83 -83 -85 -79 -78 -82 -78 -79 -80 -79 -80 -80 -80 -80 -81 -81 -82 -82 -78 -80 -81 -75 -75 -74 -70 -69 -69 -70 -68 -70 -72 -68 -68 -67 -68 -73 -82 -87 -88 -97 -109 -117 -125 -128 -128 -126 -120 -119 -106 -105 -107 -108 -109 -110 -108 -107 -105 -88 -88 -89 -98 -126 -159 -160 -144 -124 -114 -114 -111 -110
-150 -148 -149 -142 -136 -133 -131 -129 -125 -122 -119 -119 -113 -110 -105 -98 -96 -94 -91 -88 -88 -85 -84 -84 -81 -80 -82 -80 -80 -81 -81 -81 -82 -82 -83 -83 -83 -83 -85 -80 -80 -80 -79 -77 -76 -73 -72 -72 -70 -72 -73 -73 -73 -73 -74 -73 -80 -89 -84 -82 -89 -109 -120 -129 -128 -125 -117 -115 -111 -111 -114 -116 -112 -110 -112 -114 -107 -98 -89 -86 -85 -99 -123 -146 -159 -156 -128 -114 -116 -114 -110
-154 -150 -148 -143 -139 -136 -133 -130 -126 -123 -122 -121 -120 -117 -113 -110 -101 -99 -98 -94 -92 -88 -86 -85 -83 -80 -81 -81 -82 -82 -83 -84 -85 -85 -85 -86 -87 -88 -91 -85 -83 -82 -83 -80 -78 -76 -76 -76 -78 -76 -77 -79 -80 -78 -77 -76 -81 -84 -82 -83 -90 -108 -120 -127 -128 -126 -122 -120 -116 -111 -116 -114 -109 -101 -111 -130 -108 -91 -89 -89 -92 -103 -121 -138 -151 -157 -141 -127 -124 -121 -115
-156 -152 -149 -145 -142 -138 -135 -133 -128 -123 -120 -121 -118 -116 -114 -107 -100 -100 -95 -93 -92 -89 -88 -87 -86 -83 -83 -84 -85 -87 -85 -86 -87 -88 -86 -87 -88 -89 -90 -86 -85 -84 -82 -82 -80 -79 -78 -79 -79 -78 -78 -77 -77 -78 -78 -78 -80 -80 -80 -84 -91 -111 -123 -129 -128 -128 -127 -127 -125 -120 -120 -113 -107 -97 -94 -94 -94 -92 -91 -93 -97 -106 -122 -134 -139 -138 -145 -137 -131 -126 -120
-160 -156 -154 -151 -145 -142 -139 -136 -130 -123 -121 -122 -118 -116 -115 -110 -103 -105 -98 -96 -93 -90 -90 -90 -89 -89 -87 -88 -89 -89 -89 -89 -89 -88 -88 -89 -90 -91 -94 -89 -88 -87 -86 -85 -84 -82 -80 -82 -81 -81 -81 -80 -82 -82 -81 -82 -85 -86 -85 -87 -97 -126 -130 -130 -129 -128 -128 -131 -129 -110 -106 -103 -97 -91 -91 -91 -91 -95 -94 -101 -107 -125 -130 -137 -131 -135 -144 -139 -139 -135 -130
-167 -164 -161 -157 -153 -148 -145 -142 -137 -131 -126 -124 -121 -119 -117 -113 -109 -106 -104 -103 -102 -99 -97 -97 -96 -96 -95 -95 -95 -94 -93 -93 -91 -91 -90 -91 -92 -95 -102 -95 -93 -93 -94 -91 -89 -88 -88 -88 -88 -90 -90 -88 -89 -87 -88 -94 -96 -90 -89 -101 -121 -133 -136 -137 -132 -127 -126 -122 -102 -97 -94 -93 -91 -91 -94 -96 -92 -99 -108 -126 -121 -133 -137 -134 -124 -135 -146 -143 -142 -142 -141
-171 -169 -165 -161 -157 -153 -151 -145 -141 -138 -131 -128 -125 -124 -120 -114 -114 -109 -110 -108 -107 -106 -104 -103 -101 -102 -101 -100 -99 -98 -97 -97 -95 -95 -95 -95 -94 -95 -98 -97 -95 -95 -94 -92 -92 -92 -94 -95 -95 -96 -96 -96 -93 -94 -107 -117 -118 -106 -103 -120 -134 -140 -141 -138 -128 -120 -120 -112 -99 -93 -93 -94 -94 -94 -96 -96 -97 -105 -111 -116 -131 -143 -144 -140 -136 -141 -147 -145 -145 -145 -145
-172 -171 -166 -165 -161 -157 -152 -149 -144 -140 -137 -134 -128 -127 -125 -119 -118 -117 -115 -112 -112 -111 -109 -108 -106 -106 -105 -104 -102 -101 -101 -100 -97 -99 -98 -99 -99 -99 -99 -97 -98 -99 -98 -96 -96 -97 -97 -98 -99 -101 -99 -99 -97 -104 -111 -129 -140 -148 -145 -151 -146 -142 -137 -131 -111 -103 -97 -92 -91 -93 -94 -94 -95 -97 -101 -97 -103 -118 -132 -138 -148 -148 -148 -147 -145 -146 -148 -149 -147 -149 -148
-177 -174 -170 -167 -164 -160 -157 -154 -149 -145 -143 -139 -135 -132 -131 -127 -126 -126 -123 -122 -121 -120 -119 -117 -116 -114 -116 -112 -110 -106 -105 -104 -103 -103 -102 -102 -102 -102 -102 -102 -102 -103 -102 -100 -99 -98 -99 -99 -100 -100 -98 -97 -96 -97 -96 -111 -124 -129 -126 -123 -121 -116 -113 -108 -97 -92 -91 -90 -92 -94 -96 -99 -98 -100 -112 -116 -127 -141 -148 -150 -151 -151 -155 -153 -152 -155 -153 -153 -153 -155 -157
-178 -175 -172 -168 -166 -163 -160 -158 -154 -148 -145 -142 -137 -136 -134 -131 -131 -130 -127 -128 -127 -126 -126 -124 -122 -121 -122 -116 -110 -109 -106 -105 -106 -105 -104 -103 -104 -104 -106 -104 -103 -104 -102 -99 -98 -97 -98 -99 -98 -98 -97 -96 -95 -95 -94 -98 -104 -101 -100 -99 -96 -93 -96 -92 -89 -90 -90 -91 -93 -97 -99 -105 -108 -112 -126 -133 -147 -156 -154 -153 -153 -151 -154 -155 -154 -155 -154 -156 -157 -156 -157
-182 -178 -175 -172 -170 -166 -163 -161 -159 -153 -150 -147 -143 -140 -137 -133 -133 -134 -133 -133 -130 -129 -130 -130 -127 -126 -123 -120 -117 -115 -111 -108 -108 -109 -105 -106 -106 -109 -111 -108 -106 -105 -103 -103 -101 -98 -98 -98 -97 -96 -96 -95 -94 -94 -93 -93 -95 -94 -91 -92 -89 -90 -93 -91 -91 -93 -92 -93 -97 -101 -104 -120 -144 -142 -150 -154 -155 -160 -155 -155 -156 -156 -158 -158 -158 -160 -160 -159 -159 -159 -159
-183 -176 -176 -176 -174 -173 -168 -166 -165 -160 -157 -153 -149 -146 -144 -141 -140 -141 -139 -137 -132 -134 -134 -134 -131 -127 -125 -124 -121 -118 -115 -112 -111 -110 -109 -111 -117 -115 -114 -112 -111 -110 -108 -107 -105 -102 -101 -101 -100 -99 -99 -98 -97 -98 -98 -98 -101 -98 -96 -95 -94 -97 -100 -100 -103 -103 -108 -117 -122 -123 -129 -142 -159 -154 -155 -156 -157 -160 -158 -157 -157 -158 -159 -159 -160 -161 -162 -162 -162 -162 -162
-187 -184 -181 -179 -177 -175 -170 -169 -168 -165 -164 -160 -154 -153 -151 -149 -147 -149 -146 -143 -141 -140 -140 -138 -135 -130 -127 -126 -125 -123 -119 -115 -114 -111 -110 -110 -114 -116 -116 -116 -116 -116 -113 -113 -111 -107 -105 -106 -104 -104 -103 -103 -101 -104 -105 -101 -100 -102 -102 -102 -101 -106 -109 -111 -115 -119 -125 -144 -148 -144 -148 -154 -155 -153 -154 -155 -155 -157 -156 -157 -158 -159 -160 -161 -161 -161 -163 -164 -165 -165 -166
-189 -186 -181 -179 -178 -178 -175 -173 -172 -171 -169 -166 -163 -158 -157 -156 -155 -156 -154 -151 -148 -146 -145 -141 -137 -134 -131 -129 -127 -127 -125 -123 -119 -116 -117 -119 -119 -120 -123 -123 -123 -127 -124 -124 -123 -121 -119 -118 -116 -114 -112 -108 -106 -112 -115 -114 -113 -115 -113 -117 -118 -119 -120 -121 -127 -134 -136 -151 -153 -148 -151 -153 -154 -155 -154 -154 -157 -158 -159 -161 -160 -161 -163 -163 -163 -164 -169 -168 -170 -169 -170
-190 -185 -180 -177 -178 -180 -178 -177 -177 -178 -174 -172 -169 -165 -163 -160 -162 -166 -162 -158 -154 -151 -149 -146 -143 -140 -137 -135 -133 -135 -134 -132 -126 -122 -127 -131 -132 -131 -132 -133 -133 -133 -135 -133 -131 -133 -130 -129 -130 -126 -124 -127 -124 -123 -124 -123 -124 -124 -125 -128 -127 -120 -125 -129 -130 -128 -128 -134 -139 -140 -145 -151 -158 -157 -156 -158 -157 -157 -157 -158 -157 -160 -161 -159 -166 -170 -176 -177 -181 -174 -178
-190 -186 -180 -178 -178 -180 -178 -177 -176 -177 -176 -173 -171 -173 -174 -168 -179 -183 -163 -149 -149 -151 -149 -148 -146 -143 -141 -139 -138 -138 -136 -134 -133 -133 -133 -134 -133 -132 -134 -133 -134 -136 -135 -134 -133 -133 -132 -138 -132 -131 -132 -131 -130 -129 -128 -128 -128 -128 -128 -128 -127 -127 -128 -127 -126 -126 -125 -126 -128 -129 -133 -141 -153 -155 -153 -155 -153 -152 -155 -158 -162 -163 -164 -166 -172 -175 -176 -169 -160 -145 -169
-193 -187 -184 -182 -182 -182 -181 -181 -180 -182 -183 -183 -186 -190 -198 -205 -236 -216 -176 -158 -155 -156 -152 -150 -148 -147 -144 -142 -141 -140 -138 -137 -137 -137 -137 -138 -137 -135 -135 -135 -136 -140 -137 -136 -135 -136 -135 -140 -135 -132 -134 -133 -129 -131 -129 -128 -127 -128 -127 -127 -127 -128 -130 -126 -126 -126 -126 -126 -128 -130 -133 -130 -132 -140 -142 -132 -137 -144 -159 -163 -164 -164 -168 -174 -178 -173 -151 -134 -127 -115 -142
-207 -195 -191 -187 -185 -187 -185 -184 -182 -188 -193 -198 -207 -230 -266 -297 -310 -272 -223 -183 -164 -159 -154 -152 -151 -149 -147 -145 -144 -144 -143 -142 -142 -143 -142 -143 -141 -139 -137 -139 -145 -149 -148 -140 -138 -139 -138 -139 -135 -131 -129 -132 -126 -126 -123 -126 -127 -126 -126 -124 -124 -126 -126 -122 -126 -128 -130 -129 -130 -131 -137 -132 -134 -134 -136 -133 -134 -142 -162 -173 -167 -167 -174 -178 -178 -157 -135 -125 -122 -121 -133
-207 -199 -202 -195 -191 -197 -194 -191 -189 -204 -214 -222 -234 -278 -348 -417 -411 -332 -265 -199 -169 -163 -155 -154 -154 -151 -149 -148 -146 -146 -146 -145 -145 -147 -147 -149 -150 -143 -136 -134 -135 -140 -139 -137 -138 -137 -137 -137 -136 -133 -131 -131 -129 -127 -126 -126 -127 -126 -126 -124 -128 -127 -129 -129 -132 -133 -136 -133 -131 -129 -129 -132 -140 -130 -133 -132 -133 -149 -166 -172 -170 -173 -179 -175 -152 -126 -119 -122 -120 -118 -120
