UTM/raster_PM.asc
ncols        660
nrows        397
xllcorner    -127.584100000000
yllcorner    47.139400000000
cellsize     1000
NODATA_value -32768
[rows 123 to 163 of 397, columns 273 to 363 of 660]
652 616 442 607 618 530 423 406 568 914 984 878 807 734 688 687 732 730 575 352 228 285 403 306 238 287 285 303 292 273 267 290 309 322 336 339 342 349 371 465 514 599 814 860 962 1220 1411 1268 1039 801 762 699 506 431 660 900 978 865 668 512 460 412 382 363 361 279 184 189 181 172 162 148 127 114 107 97 79 60 35 16 1 -18 -26 -35 -45 -68 -84 -102 -125 -142 -149
492 513 462 414 425 450 520 705 914 1044 1131 1060 987 920 815 871 832 702 468 296 201 323 504 449 346 249 224 220 223 237 266 286 267 280 280 279 275 259 263 300 313 320 404 678 1034 1261 1403 1200 998 876 754 647 491 481 534 579 912 1023 841 806 672 593 553 477 420 367 302 266 257 227 198 177 160 133 114 100 84 70 61 37 12 -4 -7 -11 -20 -34 -56 -74 -88 -107 -121
444 444 462 523 618 721 782 879 1091 1115 1067 1051 978 880 964 994 847 646 371 214 177 375 505 546 351 214 207 213 228 265 279 263 243 232 205 212 212 210 189 184 192 208 219 422 790 1119 1332 1318 1177 991 829 788 661 518 659 501 678 846 907 967 990 1000 917 772 749 688 596 548 476 399 283 216 179 158 135 132 101 93 79 58 33 6 3 2 -7 -17 -35 -51 -67 -87 -97
589 618 711 856 947 918 1002 991 958 939 851 912 898 889 956 915 791 639 381 199 156 304 444 466 399 238 211 228 228 229 227 208 203 191 172 156 160 162 157 168 175 166 165 199 401 706 1067 1190 1015 960 1141 1073 689 556 800 647 493 431 553 690 857 1048 1003 968 928 809 724 675 597 495 396 284 229 191 167 148 129 108 83 64 53 40 23 17 6 -7 -17 -30 -42 -68 -71
524 540 624 702 736 748 811 877 757 599 491 522 531 558 635 732 752 675 487 239 151 236 436 507 470 436 402 356 293 296 291 227 212 177 153 152 134 125 122 119 119 133 133 136 192 355 670 983 1157 1243 1103 1032 854 762 960 854 646 534 379 372 530 857 1000 906 843 771 713 651 591 565 525 399 291 244 181 146 132 121 107 87 52 47 38 36 21 11 8 -4 -5 -18 -29
351 413 510 618 728 709 568 422 289 203 162 140 129 140 175 253 396 548 390 177 150 180 398 645 703 748 744 665 492 411 366 248 172 174 164 171 146 109 107 110 104 103 110 128 129 152 293 665 979 1235 1345 1337 1282 1189 989 919 885 755 579 321 353 589 833 902 806 758 827 747 704 735 621 491 341 271 198 125 95 91 77 72 97 99 88 71 62 55 65 64 43 39 34
226 218 204 305 457 455 323 144 92 85 85 85 85 85 85 85 93 99 101 91 100 125 235 486 731 826 757 727 622 448 355 264 183 129 143 178 151 127 105 103 109 111 104 107 113 109 152 299 518 895 1249 1289 1204 1175 1087 1095 948 879 763 458 280 324 440 553 535 698 872 858 771 801 717 517 375 298 184 124 104 109 81 106 117 116 123 115 103 85 82 91 97 95 105
128 134 137 128 115 112 101 85 85 86 95 94 100 85 85 85 86 95 146 99 85 86 109 200 391 609 663 572 378 272 254 255 177 169 179 167 149 122 113 94 97 108 102 105 102 106 114 159 271 539 894 1012 1171 1228 1059 986 972 827 586 503 469 349 320 234 306 553 732 785 860 807 593 469 418 385 184 135 121 130 134 98 145 139 137 122 112 99 88 88 81 92 103
85 85 85 85 85 85 85 93 126 130 157 161 121 125 179 330 318 361 451 218 85 85 86 89 174 257 313 325 235 188 210 230 306 284 201 151 122 101 97 113 104 118 105 94 92 101 104 108 136 229 465 710 959 1115 1202 1134 960 748 874 920 808 631 459 293 213 311 395 353 168 139 134 168 219 276 229 164 166 125 126 131 145 146 145 127 112 101 102 94 94 84 88
90 90 103 125 139 146 167 318 392 305 252 292 243 225 235 269 232 252 239 138 87 85 85 85 85 90 89 104 131 213 323 383 333 254 225 171 134 103 122 107 97 95 104 98 91 111 108 100 115 132 194 365 560 726 855 946 973 1013 984 904 834 694 350 235 266 297 219 155 126 144 198 150 122 148 211 169 136 137 168 164 149 142 145 128 104 93 92 87 82 77 75
310 364 387 489 642 646 557 692 835 813 512 485 650 608 613 438 342 250 178 152 125 104 95 85 85 85 85 85 85 126 190 255 254 233 286 226 183 118 99 95 103 106 110 121 113 86 105 102 100 113 129 166 247 351 466 617 671 799 847 791 709 537 270 335 438 466 323 190 122 180 325 389 197 118 118 122 129 128 171 193 234 215 155 129 115 114 106 96 89 82 81
512 620 692 788 896 939 1004 1054 1017 873 684 636 1003 1098 857 631 731 638 543 484 452 248 249 211 195 158 137 121 110 110 138 192 206 167 114 117 149 156 105 109 100 97 98 97 91 100 103 83 98 91 99 124 139 168 185 228 352 424 609 681 646 523 407 303 449 524 401 258 201 163 216 321 318 193 134 119 118 159 324 384 367 314 247 185 164 159 140 136 127 123 110
688 701 699 734 852 894 913 960 1000 1028 1059 803 971 1241 1106 759 929 1038 835 876 810 531 739 661 630 603 557 556 527 563 644 625 590 521 403 297 137 93 101 116 120 105 118 111 96 77 84 79 62 88 92 98 100 119 153 159 153 180 271 467 603 613 603 362 319 398 421 363 320 299 256 284 382 472 402 338 230 361 619 616 558 515 445 348 282 246 203 168 147 141 107
809 767 756 689 749 856 886 952 1039 1143 1173 1089 1059 1113 1028 1000 1165 1042 994 1124 1031 787 1000 954 896 831 842 801 744 764 799 764 637 573 519 432 323 255 213 163 135 98 95 100 99 82 84 81 64 41 67 78 80 89 99 130 145 136 142 202 335 481 542 525 382 373 430 434 403 386 311 359 371 545 722 662 477 468 781 810 738 679 636 511 433 423 355 281 219 181 162
270 402 419 452 587 627 546 537 581 682 724 835 949 945 998 1068 1126 1210 1255 1214 1088 899 844 813 915 836 788 742 657 614 598 625 607 554 465 386 328 281 223 186 186 136 91 94 91 84 74 75 56 28 31 51 62 71 77 83 103 125 120 114 137 181 292 426 447 415 401 427 466 501 433 427 448 466 706 819 649 494 563 577 571 670 772 681 618 598 544 445 308 209 202
79 79 92 94 114 196 213 174 187 235 288 317 398 405 482 639 820 927 857 834 993 993 923 772 692 642 587 610 561 485 440 411 449 469 405 349 287 172 162 166 137 121 96 87 94 70 77 72 66 40 25 27 30 49 60 65 75 118 124 114 110 102 111 134 225 269 320 445 480 509 518 466 507 518 544 683 573 325 202 186 190 216 227 249 342 464 439 372 215 235 305
247 406 464 370 234 123 78 58 55 46 45 51 67 74 108 229 321 345 363 394 537 532 454 394 290 329 394 318 264 278 277 258 255 253 251 253 233 144 70 77 77 56 60 41 36 36 43 55 58 53 44 52 30 21 49 60 57 73 123 123 107 94 93 75 106 183 271 401 456 533 550 484 546 559 545 429 266 218 337 340 294 269 280 347 307 227 232 243 258 306 412
495 498 822 751 652 535 386 370 344 285 326 279 190 102 37 48 73 81 92 90 134 132 104 59 35 40 73 98 69 81 119 119 117 112 93 58 55 79 83 73 38 36 36 34 35 42 63 88 95 77 45 69 51 19 25 39 38 40 65 103 87 76 79 69 83 121 178 332 402 454 497 510 498 557 558 347 220 264 651 815 759 736 688 765 768 659 639 478 510 470 431
762 603 818 928 1000 1067 1003 963 894 678 737 769 765 554 234 111 78 61 46 35 34 34 35 39 55 64 41 34 34 34 34 37 35 34 34 48 44 38 37 42 39 47 35 40 92 107 110 94 70 50 27 34 62 34 20 26 24 22 20 42 57 58 70 73 82 118 144 209 302 358 389 432 445 530 557 321 262 330 597 937 1053 1095 1018 934 949 945 891 954 966 769 518
847 922 757 993 973 1054 1109 1069 1080 944 1124 1151 976 627 331 435 582 576 531 279 105 197 252 327 453 488 374 258 214 98 57 40 34 34 57 133 194 253 236 95 35 34 46 50 64 96 100 89 63 48 35 48 60 57 52 32 8 9 7 9 32 50 63 72 83 112 118 155 195 232 296 360 448 491 558 417 248 293 473 817 1000 1051 1134 1064 1036 1007 1041 1093 1082 888 663
1045 984 898 1181 1108 986 1044 1141 1347 1437 1146 821 576 524 726 754 730 581 602 397 228 520 719 670 708 814 857 792 753 640 516 310 79 65 89 42 38 73 177 79 35 42 40 36 34 34 36 55 65 57 80 83 91 91 82 62 13 9 4 5 19 42 66 99 100 118 156 155 179 220 322 391 400 428 455 474 405 284 311 466 844 1139 1265 1104 1074 1029 1109 1170 1144 979 834
1093 1021 886 789 811 953 1046 898 1128 1297 1190 1075 1007 1034 1127 980 672 854 793 503 336 631 800 845 990 933 789 858 956 718 473 252 80 34 37 37 34 34 46 52 68 115 93 90 74 87 104 120 123 198 182 168 183 147 142 106 17 2 1 7 21 42 70 104 126 159 196 186 185 181 232 338 373 419 429 435 414 346 332 421 690 1080 1160 1127 1262 1236 1351 1231 1085 1159 1121
904 1109 950 751 548 543 577 588 682 743 824 854 783 770 894 869 804 996 912 723 554 875 934 882 1051 981 795 654 545 207 163 89 44 50 98 108 118 100 115 141 195 236 295 280 311 330 341 351 308 306 323 315 314 265 230 158 33 -2 -10 8 35 58 87 113 129 174 227 247 291 235 211 264 303 356 412 451 514 452 430 433 555 802 1034 1193 1296 1436 1418 1231 1151 1013 953
1172 1356 1234 897 910 770 666 518 361 325 319 296 289 303 334 406 513 716 844 775 766 915 1080 1109 904 835 721 489 257 102 139 119 155 331 617 731 575 494 426 487 543 521 436 417 518 489 444 437 420 404 405 382 325 272 278 226 42 -2 -16 13 55 82 123 163 163 184 222 221 283 315 318 393 467 542 557 493 473 509 547 581 564 735 960 1207 1428 1580 1408 1274 1205 1110 1037
910 885 1177 1269 1315 1111 763 402 463 608 500 494 465 469 424 320 252 270 381 542 643 699 666 747 826 666 452 387 258 267 393 446 615 493 517 720 885 798 637 569 480 502 510 540 672 585 558 503 432 408 459 489 442 297 315 331 165 9 -21 23 74 110 182 218 214 205 214 237 232 233 320 464 532 636 746 752 680 584 501 604 615 689 780 953 1245 1393 1433 1204 1206 1139 1062
788 920 1189 1103 932 835 714 482 699 977 1010 1039 940 900 657 411 295 192 179 172 185 188 210 241 280 394 420 409 445 485 643 844 843 881 859 610 960 960 667 573 628 733 737 700 695 676 648 572 456 328 295 262 256 206 230 349 323 82 -14 50 126 171 177 191 186 188 232 234 206 207 311 431 636 741 831 881 875 797 646 610 541 613 625 689 823 1025 1272 1415 1480 1284 1062
694 823 982 1233 1155 957 694 589 941 1158 1229 1074 1088 736 428 451 709 702 536 418 350 302 368 384 312 178 171 245 377 528 740 926 1107 1143 934 835 1099 943 891 811 703 617 607 671 653 592 603 488 379 248 170 182 212 200 173 181 286 112 -35 22 152 240 283 239 170 121 174 224 187 182 288 452 707 875 912 939 1001 931 814 910 727 571 583 537 552 622 810 1107 1361 1388 1265
848 1068 1244 1290 1167 978 912 1011 1019 1156 961 679 581 531 562 506 775 1053 939 862 750 598 425 386 414 284 153 163 193 303 467 605 668 744 769 863 1021 953 980 1053 906 712 561 425 419 366 331 287 209 182 232 329 411 379 267 139 155 141 1 42 251 331 359 338 248 143 132 162 169 202 264 445 712 932 1007 1028 1081 1041 989 922 854 856 749 772 694 539 546 695 943 1231 1309
757 1042 1241 1360 1213 1152 979 770 799 1120 878 974 1039 1100 1005 788 692 670 517 705 914 897 783 689 504 502 323 152 120 118 229 462 711 882 996 904 1029 948 723 620 836 864 724 662 564 303 228 256 251 272 404 500 535 500 330 165 80 57 2 116 423 546 453 324 215 136 116 136 164 200 250 369 637 928 1048 1085 1096 1117 1141 1012 999 1063 893 912 841 727 561 531 604 822 1086
637 806 1070 1045 860 915 608 542 954 1107 828 720 1104 1008 707 743 774 626 454 385 711 908 1046 947 700 875 700 496 308 162 112 175 396 624 830 1039 943 806 596 500 488 661 763 825 566 254 408 516 466 435 512 553 595 566 434 218 94 7 -42 113 437 621 475 244 114 101 154 186 208 216 256 338 456 697 906 1052 1054 959 1155 1219 1155 1204 1083 1035 993 870 803 682 566 551 695
774 663 589 717 688 651 380 384 744 933 957 680 760 1062 791 533 552 422 410 222 445 631 848 990 979 806 647 490 321 233 138 110 115 206 500 769 881 761 735 608 400 377 375 389 301 315 578 644 529 504 585 490 393 324 280 189 103 29 -2 10 176 395 406 199 87 125 187 243 283 332 339 331 368 389 471 616 683 661 806 875 1023 1189 1233 1204 1139 950 980 960 784 642 562
1092 937 614 434 406 374 254 209 231 387 701 876 647 692 758 353 200 129 84 79 91 136 373 604 670 574 505 422 341 359 319 274 164 113 161 337 576 782 924 794 529 616 468 412 332 461 633 637 579 597 706 597 434 377 324 307 347 245 82 10 3 66 164 101 74 124 204 290 404 487 554 519 648 682 547 442 406 441 455 461 555 732 881 1044 1097 1126 1100 1071 984 852 658
1077 832 647 884 789 709 658 512 284 183 468 633 509 398 432 126 130 229 341 432 295 56 124 268 435 596 592 561 591 545 546 705 532 398 198 117 174 380 671 827 845 909 773 630 426 547 690 647 686 660 594 482 435 492 421 433 529 478 268 76 -57 4 71 69 105 155 285 440 598 661 761 765 742 909 892 767 638 780 809 685 538 511 520 651 794 996 1111 1142 987 837 691
884 629 511 752 1007 1095 1047 832 578 193 388 670 633 318 187 201 436 496 612 528 119 55 176 455 583 684 787 819 835 722 766 906 881 770 605 412 172 127 404 815 826 728 751 600 483 554 622 661 613 676 698 751 692 569 432 411 335 280 212 43 -113 -58 74 200 245 288 338 454 705 847 956 992 883 856 821 777 772 894 996 948 871 877 589 627 565 868 1174 1038 804 752 871
383 344 543 798 894 986 887 646 474 149 166 456 704 749 653 540 418 264 182 148 28 167 151 332 629 572 505 501 560 619 654 817 977 839 652 491 275 112 248 520 705 722 616 560 482 471 520 457 529 776 905 907 817 622 633 571 453 381 207 23 -88 21 69 175 454 621 531 507 580 753 998 1141 973 824 766 737 790 1002 1053 1187 1159 951 666 917 710 606 828 916 739 792 1068
366 746 851 819 1018 1138 996 748 403 117 201 503 939 1142 1032 1089 884 655 455 245 68 56 47 128 348 332 455 510 519 556 541 531 622 767 861 717 337 117 232 581 871 909 805 701 582 560 421 324 326 579 790 837 802 708 685 555 425 287 148 8 9 79 123 150 462 801 742 540 484 596 736 764 689 644 613 723 829 1073 1202 1374 1288 970 749 1014 1044 735 611 862 773 733 1001
453 740 594 863 955 672 501 527 401 170 425 632 978 1104 859 788 1057 1125 940 773 536 340 181 36 20 31 84 187 311 494 643 673 605 512 644 691 436 198 218 537 809 937 842 670 660 822 814 669 430 301 325 444 459 448 585 512 297 147 94 6 82 154 192 181 341 570 625 424 392 440 466 483 432 449 552 586 635 756 891 1062 1167 1139 893 957 1179 857 639 930 819 687 903
499 592 622 801 905 841 694 488 283 118 192 511 876 958 699 453 637 1038 1017 880 964 833 455 328 241 93 28 20 45 211 498 630 640 573 471 462 403 266 144 191 432 744 753 549 637 817 822 830 797 753 571 409 306 236 205 180 101 28 -2 59 190 260 261 189 200 252 278 252 252 247 284 335 415 603 802 763 693 643 642 721 919 1095 1331 1281 1330 1010 816 1134 1005 704 563
568 677 1010 930 769 663 628 604 444 204 44 229 452 629 743 500 489 878 962 682 771 810 638 661 553 369 256 117 81 19 48 178 323 551 620 408 424 516 285 134 161 401 516 480 447 477 648 812 833 828 876 866 645 388 249 157 59 4 1 34 140 234 280 174 144 200 285 375 467 435 354 304 342 503 812 967 1081 979 935 880 919 1116 1259 1044 1282 1365 1101 1101 1152 1001 720
938 857 949 778 593 538 731 918 687 424 200 100 41 80 184 254 629 861 631 516 635 674 725 923 636 551 525 458 453 247 59 19 25 146 257 315 505 611 368 192 101 103 204 386 333 248 540 837 799 639 547 522 552 323 274 218 73 -43 3 59 111 135 140 171 177 203 339 543 695 801 662 483 342 321 461 677 933 1167 1306 1342 1250 965 799 799 1131 1359 1002 818 1046 898 717
712 913 1018 730 549 442 518 806 1022 818 505 434 400 217 104 51 181 391 337 433 579 660 750 602 553 656 660 411 318 324 243 176 55 16 102 299 469 601 617 478 263 196 101 93 130 104 164 320 580 832 870 606 319 238 158 90 54 3 47 245 363 270 222 292 302 256 251 378 568 731 879 792 580 421 350 377 544 785 951 1010 1086 953 619 801 1182 1235 816 585 869 895 533
